Shift:0
Batch 0
 1 0.908163 0.904867
 0.908163 1 0.906693
 0.904867 0.906693 1
Batch 100
 1 0.517845 0.617522
 0.517845 1 0.660218
 0.617522 0.660218 1
Batch 200
 1 0.675414 0.649271
 0.675414 1 0.797099
 0.649271 0.797099 1
Batch 300
 1 0.744623 0.58656
 0.744623 1 0.868283
 0.58656 0.868283 1
Batch 400
 1 0.494285 0.303709
 0.494285 1 0.824743
 0.303709 0.824743 1
Batch 500
 1 0.87197 0.837183
 0.87197 1 0.8883
 0.837183 0.8883 1
Batch 600
 1 0.766789 0.74608
 0.766789 1 0.827678
 0.74608 0.827678 1
Batch 700
 1 0.774575 0.69446
 0.774575 1 0.847683
 0.69446 0.847683 1
Batch 800
 1 0.77734 0.705604
 0.77734 1 0.850659
 0.705604 0.850659 1
Batch 900
 1 0.676132 0.41309
 0.676132 1 0.727629
 0.41309 0.727629 1
Batch 1000
 1 0.822571 0.773404
 0.822571 1 0.844037
 0.773404 0.844037 1
Batch 1100
 1 0.597867 0.139574
 0.597867 1 0.468492
 0.139574 0.468492 1
Batch 1200
 1 0.835499 0.80663
 0.835499 1 0.793045
 0.80663 0.793045 1
Batch 1300
 1 0.523243 0.230377
 0.523243 1 0.673481
 0.230377 0.673481 1
Batch 1400
 1 0.753353 0.745214
 0.753353 1 0.857047
 0.745214 0.857047 1
Batch 1500
 1 0.627899 0.432017
 0.627899 1 0.780437
 0.432017 0.780437 1
Batch 1600
 1 0.500817 0.109465
 0.500817 1 0.647778
 0.109465 0.647778 1
Batch 1700
 1 0.17933 -0.202081
 0.17933 1 0.579597
 -0.202081 0.579597 1
Batch 1800
 1 0.560032 0.236516
 0.560032 1 0.715177
 0.236516 0.715177 1
Batch 1900
 1 0.698368 0.17962
 0.698368 1 0.510215
 0.17962 0.510215 1
Shift:1000
Batch 0
 1 0.761228 0.462462
 0.761228 1 0.752004
 0.462462 0.752004 1
Batch 100
 1 0.731353 0.599261
 0.731353 1 0.724076
 0.599261 0.724076 1
Batch 200
 1 0.629891 0.585386
 0.629891 1 0.675428
 0.585386 0.675428 1
Batch 300
 1 0.649063 0.590171
 0.649063 1 0.858729
 0.590171 0.858729 1
Batch 400
 1 0.718098 0.593661
 0.718098 1 0.84408
 0.593661 0.84408 1
Batch 500
 1 0.63646 0.197207
 0.63646 1 0.67661
 0.197207 0.67661 1
Batch 600
 1 0.238389 0.0126141
 0.238389 1 0.693622
 0.0126141 0.693622 1
Batch 700
 1 0.490125 0.0914245
 0.490125 1 0.688958
 0.0914245 0.688958 1
Batch 800
 1 0.730025 0.354857
 0.730025 1 0.559317
 0.354857 0.559317 1
Batch 900
 1 0.397153 -0.145901
 0.397153 1 0.36606
 -0.145901 0.36606 1
Batch 1000
 1 0.908163 0.904867
 0.908163 1 0.906693
 0.904867 0.906693 1
Batch 1100
 1 0.517845 0.617522
 0.517845 1 0.660218
 0.617522 0.660218 1
Batch 1200
 1 0.675414 0.649271
 0.675414 1 0.797099
 0.649271 0.797099 1
Batch 1300
 1 0.744623 0.58656
 0.744623 1 0.868283
 0.58656 0.868283 1
Batch 1400
 1 0.494285 0.303709
 0.494285 1 0.824743
 0.303709 0.824743 1
Batch 1500
 1 0.87197 0.837183
 0.87197 1 0.8883
 0.837183 0.8883 1
Batch 1600
 1 0.766789 0.74608
 0.766789 1 0.827678
 0.74608 0.827678 1
Batch 1700
 1 0.774575 0.69446
 0.774575 1 0.847683
 0.69446 0.847683 1
Batch 1800
 1 0.77734 0.705604
 0.77734 1 0.850659
 0.705604 0.850659 1
Batch 1900
 1 0.676132 0.41309
 0.676132 1 0.727629
 0.41309 0.727629 1
Shift:2000
Batch 0
 1 0.804839 0.874453
 0.804839 1 0.890249
 0.874453 0.890249 1
Batch 100
 1 0.610594 0.305268
 0.610594 1 0.642068
 0.305268 0.642068 1
Batch 200
 1 0.810469 0.74567
 0.810469 1 0.878635
 0.74567 0.878635 1
Batch 300
 1 0.444046 0.119619
 0.444046 1 0.744618
 0.119619 0.744618 1
Batch 400
 1 0.665223 0.587026
 0.665223 1 0.880876
 0.587026 0.880876 1
Batch 500
 1 0.726723 0.702352
 0.726723 1 0.834414
 0.702352 0.834414 1
Batch 600
 1 0.875803 0.769979
 0.875803 1 0.868681
 0.769979 0.868681 1
Batch 700
 1 0.860397 0.893661
 0.860397 1 0.899124
 0.893661 0.899124 1
Batch 800
 1 0.627954 0.350569
 0.627954 1 0.774874
 0.350569 0.774874 1
Batch 900
 1 0.747865 0.619239
 0.747865 1 0.69153
 0.619239 0.69153 1
Batch 1000
 1 0.761228 0.462462
 0.761228 1 0.752004
 0.462462 0.752004 1
Batch 1100
 1 0.731353 0.599261
 0.731353 1 0.724076
 0.599261 0.724076 1
Batch 1200
 1 0.629891 0.585386
 0.629891 1 0.675428
 0.585386 0.675428 1
Batch 1300
 1 0.649063 0.590171
 0.649063 1 0.858729
 0.590171 0.858729 1
Batch 1400
 1 0.718098 0.593661
 0.718098 1 0.84408
 0.593661 0.84408 1
Batch 1500
 1 0.63646 0.197207
 0.63646 1 0.67661
 0.197207 0.67661 1
Batch 1600
 1 0.238389 0.0126141
 0.238389 1 0.693622
 0.0126141 0.693622 1
Batch 1700
 1 0.490125 0.0914245
 0.490125 1 0.688958
 0.0914245 0.688958 1
Batch 1800
 1 0.730025 0.354857
 0.730025 1 0.559317
 0.354857 0.559317 1
Batch 1900
 1 0.397153 -0.145901
 0.397153 1 0.36606
 -0.145901 0.36606 1
