Shift:0
Batch 0
 1 0.748212 0.693169
 0.748212 1 0.652448
 0.693169 0.652448 1
Batch 50
 1 0.843839 0.720467
 0.843839 1 0.813034
 0.720467 0.813034 1
Batch 100
 1 0.640317 0.0503131
 0.640317 1 0.482221
 0.0503131 0.482221 1
Batch 150
 1 0.657726 0.371582
 0.657726 1 0.614053
 0.371582 0.614053 1
Batch 200
 1 0.684845 0.578369
 0.684845 1 0.56056
 0.578369 0.56056 1
Batch 250
 1 0.867752 0.86746
 0.867752 1 0.867673
 0.86746 0.867673 1
Batch 300
 1 0.551192 0.479035
 0.551192 1 0.492797
 0.479035 0.492797 1
Batch 350
 1 -0.220246 -0.542287
 -0.220246 1 0.68335
 -0.542287 0.68335 1
Batch 400
 1 0.697021 0.643062
 0.697021 1 0.875379
 0.643062 0.875379 1
Batch 450
 1 0.816327 0.75679
 0.816327 1 0.847421
 0.75679 0.847421 1
Batch 500
 1 0.736656 0.620566
 0.736656 1 0.796121
 0.620566 0.796121 1
Batch 550
 1 0.205345 0.0176217
 0.205345 1 0.783855
 0.0176217 0.783855 1
Batch 600
 1 0.541998 0.0303612
 0.541998 1 0.574018
 0.0303612 0.574018 1
Batch 650
 1 0.271918 0.0361362
 0.271918 1 0.606048
 0.0361362 0.606048 1
Batch 700
 1 0.501496 0.215848
 0.501496 1 0.614254
 0.215848 0.614254 1
Batch 750
 1 -0.0133265 -0.365133
 -0.0133265 1 0.689213
 -0.365133 0.689213 1
Batch 800
 1 0.381848 -0.110016
 0.381848 1 0.440709
 -0.110016 0.440709 1
Batch 850
 1 0.522937 0.273524
 0.522937 1 0.780438
 0.273524 0.780438 1
Batch 900
 1 0.692748 0.327865
 0.692748 1 0.454801
 0.327865 0.454801 1
Batch 950
 1 0.735776 0.117594
 0.735776 1 0.511448
 0.117594 0.511448 1
Batch 1000
 1 0.294361 -0.472782
 0.294361 1 0.0799858
 -0.472782 0.0799858 1
Batch 1050
 1 0.372206 0.488762
 0.372206 1 0.631779
 0.488762 0.631779 1
Batch 1100
 1 0.916127 0.926485
 0.916127 1 0.928086
 0.926485 0.928086 1
Batch 1150
 1 0.906286 0.866422
 0.906286 1 0.940928
 0.866422 0.940928 1
Batch 1200
 1 0.327374 0.621477
 0.327374 1 0.675618
 0.621477 0.675618 1
Batch 1250
 1 0.502533 -0.111457
 0.502533 1 0.420984
 -0.111457 0.420984 1
Batch 1300
 1 0.642778 0.553686
 0.642778 1 0.87357
 0.553686 0.87357 1
Batch 1350
 1 0.793508 0.734679
 0.793508 1 0.810048
 0.734679 0.810048 1
Batch 1400
 1 0.661442 0.454453
 0.661442 1 0.853434
 0.454453 0.853434 1
Batch 1450
 1 0.594233 0.377929
 0.594233 1 0.829315
 0.377929 0.829315 1
Batch 1500
 1 0.516505 0.223994
 0.516505 1 0.830436
 0.223994 0.830436 1
Batch 1550
 1 0.426786 0.345276
 0.426786 1 0.890437
 0.345276 0.890437 1
Batch 1600
 1 0.831529 0.753441
 0.831529 1 0.845242
 0.753441 0.845242 1
Batch 1650
 1 0.896843 0.861946
 0.896843 1 0.9062
 0.861946 0.9062 1
Batch 1700
 1 0.289608 0.0564873
 0.289608 1 0.68216
 0.0564873 0.68216 1
Batch 1750
 1 0.880674 0.824491
 0.880674 1 0.892072
 0.824491 0.892072 1
Batch 1800
 1 0.814472 0.599737
 0.814472 1 0.78085
 0.599737 0.78085 1
Batch 1850
 1 0.783005 0.746134
 0.783005 1 0.873094
 0.746134 0.873094 1
Batch 1900
 1 0.78307 0.793968
 0.78307 1 0.791436
 0.793968 0.791436 1
Batch 1950
 1 0.542247 0.0064282
 0.542247 1 0.70894
 0.0064282 0.70894 1
Batch 2000
 1 0.646287 0.601881
 0.646287 1 0.812702
 0.601881 0.812702 1
Shift:10
Batch 0
 1 0.727814 0.633432
 0.727814 1 0.693046
 0.633432 0.693046 1
Batch 50
 1 0.856638 0.856988
 0.856638 1 0.899924
 0.856988 0.899924 1
Batch 100
 1 0.66309 0.034898
 0.66309 1 0.491593
 0.034898 0.491593 1
Batch 150
 1 0.514341 0.393433
 0.514341 1 0.635655
 0.393433 0.635655 1
Batch 200
 1 0.778789 0.672838
 0.778789 1 0.633987
 0.672838 0.633987 1
Batch 250
 1 0.863575 0.827886
 0.863575 1 0.854355
 0.827886 0.854355 1
Batch 300
 1 0.235758 0.495419
 0.235758 1 0.269272
 0.495419 0.269272 1
Batch 350
 1 -0.029307 -0.475515
 -0.029307 1 0.525502
 -0.475515 0.525502 1
Batch 400
 1 0.738934 0.682137
 0.738934 1 0.885911
 0.682137 0.885911 1
Batch 450
 1 0.796775 0.763775
 0.796775 1 0.831818
 0.763775 0.831818 1
Batch 500
 1 0.832845 0.754473
 0.832845 1 0.8455
 0.754473 0.8455 1
Batch 550
 1 0.329035 0.16017
 0.329035 1 0.775405
 0.16017 0.775405 1
Batch 600
 1 0.606088 0.22964
 0.606088 1 0.71255
 0.22964 0.71255 1
Batch 650
 1 0.259401 -0.179009
 0.259401 1 0.458236
 -0.179009 0.458236 1
Batch 700
 1 0.392788 0.274008
 0.392788 1 0.638217
 0.274008 0.638217 1
Batch 750
 1 0.144235 -0.334626
 0.144235 1 0.637189
 -0.334626 0.637189 1
Batch 800
 1 0.279905 -0.101978
 0.279905 1 0.46701
 -0.101978 0.46701 1
Batch 850
 1 0.650832 0.349236
 0.650832 1 0.77943
 0.349236 0.77943 1
Batch 900
 1 0.523296 0.302004
 0.523296 1 0.503438
 0.302004 0.503438 1
Batch 950
 1 0.808573 0.32386
 0.808573 1 0.599705
 0.32386 0.599705 1
Batch 1000
 1 0.400506 -0.313711
 0.400506 1 0.182798
 -0.313711 0.182798 1
Batch 1050
 1 0.348028 0.21327
 0.348028 1 0.428974
 0.21327 0.428974 1
Batch 1100
 1 0.950854 0.965157
 0.950854 1 0.936802
 0.965157 0.936802 1
Batch 1150
 1 0.889101 0.85478
 0.889101 1 0.928485
 0.85478 0.928485 1
Batch 1200
 1 0.418722 0.478679
 0.418722 1 0.755675
 0.478679 0.755675 1
Batch 1250
 1 0.621815 0.0654357
 0.621815 1 0.529699
 0.0654357 0.529699 1
Batch 1300
 1 0.624929 0.719489
 0.624929 1 0.833204
 0.719489 0.833204 1
Batch 1350
 1 0.832035 0.727612
 0.832035 1 0.78799
 0.727612 0.78799 1
Batch 1400
 1 0.685764 0.606804
 0.685764 1 0.876702
 0.606804 0.876702 1
Batch 1450
 1 0.55496 0.306599
 0.55496 1 0.8146
 0.306599 0.8146 1
Batch 1500
 1 0.302394 -0.135423
 0.302394 1 0.620346
 -0.135423 0.620346 1
Batch 1550
 1 0.375233 0.275043
 0.375233 1 0.899101
 0.275043 0.899101 1
Batch 1600
 1 0.892783 0.864996
 0.892783 1 0.873524
 0.864996 0.873524 1
Batch 1650
 1 0.885863 0.846998
 0.885863 1 0.886633
 0.846998 0.886633 1
Batch 1700
 1 0.149593 -0.252244
 0.149593 1 0.660201
 -0.252244 0.660201 1
Batch 1750
 1 0.909688 0.885279
 0.909688 1 0.879876
 0.885279 0.879876 1
Batch 1800
 1 0.773642 0.543141
 0.773642 1 0.799655
 0.543141 0.799655 1
Batch 1850
 1 0.75957 0.839093
 0.75957 1 0.830448
 0.839093 0.830448 1
Batch 1900
 1 0.838919 0.860551
 0.838919 1 0.865103
 0.860551 0.865103 1
Batch 1950
 1 0.583205 0.203615
 0.583205 1 0.739732
 0.203615 0.739732 1
Batch 2000
 1 0.671049 0.51978
 0.671049 1 0.8267
 0.51978 0.8267 1
Shift:20
Batch 0
 1 0.80247 0.632078
 0.80247 1 0.773496
 0.632078 0.773496 1
Batch 50
 1 0.683434 0.654762
 0.683434 1 0.773852
 0.654762 0.773852 1
Batch 100
 1 0.806626 0.501302
 0.806626 1 0.797536
 0.501302 0.797536 1
Batch 150
 1 0.590742 0.195466
 0.590742 1 0.594128
 0.195466 0.594128 1
Batch 200
 1 0.618796 0.353016
 0.618796 1 0.399129
 0.353016 0.399129 1
Batch 250
 1 0.908028 0.861637
 0.908028 1 0.8834
 0.861637 0.8834 1
Batch 300
 1 0.386651 0.669866
 0.386651 1 0.330279
 0.669866 0.330279 1
Batch 350
 1 0.517905 0.161005
 0.517905 1 0.771551
 0.161005 0.771551 1
Batch 400
 1 0.637562 0.433808
 0.637562 1 0.883542
 0.433808 0.883542 1
Batch 450
 1 0.73953 0.669411
 0.73953 1 0.842538
 0.669411 0.842538 1
Batch 500
 1 0.810544 0.766086
 0.810544 1 0.87196
 0.766086 0.87196 1
Batch 550
 1 0.385779 0.225348
 0.385779 1 0.802363
 0.225348 0.802363 1
Batch 600
 1 0.646286 0.191463
 0.646286 1 0.646847
 0.191463 0.646847 1
Batch 650
 1 0.473084 0.0981813
 0.473084 1 0.673287
 0.0981813 0.673287 1
Batch 700
 1 0.437289 0.17986
 0.437289 1 0.705257
 0.17986 0.705257 1
Batch 750
 1 -0.00749359 -0.229107
 -0.00749359 1 0.659808
 -0.229107 0.659808 1
Batch 800
 1 0.268397 -0.299311
 0.268397 1 0.276403
 -0.299311 0.276403 1
Batch 850
 1 0.673843 0.404662
 0.673843 1 0.798156
 0.404662 0.798156 1
Batch 900
 1 0.555245 0.18117
 0.555245 1 0.618686
 0.18117 0.618686 1
Batch 950
 1 0.83549 0.438738
 0.83549 1 0.527114
 0.438738 0.527114 1
Batch 1000
 1 0.469947 -0.35508
 0.469947 1 0.290428
 -0.35508 0.290428 1
Batch 1050
 1 0.268138 0.406693
 0.268138 1 0.488733
 0.406693 0.488733 1
Batch 1100
 1 0.946148 0.94474
 0.946148 1 0.924354
 0.94474 0.924354 1
Batch 1150
 1 0.894672 0.863596
 0.894672 1 0.926382
 0.863596 0.926382 1
Batch 1200
 1 0.480251 0.677141
 0.480251 1 0.737446
 0.677141 0.737446 1
Batch 1250
 1 0.617742 0.42762
 0.617742 1 0.69699
 0.42762 0.69699 1
Batch 1300
 1 0.429723 0.521826
 0.429723 1 0.76201
 0.521826 0.76201 1
Batch 1350
 1 0.780162 0.754691
 0.780162 1 0.814245
 0.754691 0.814245 1
Batch 1400
 1 0.776429 0.732166
 0.776429 1 0.90396
 0.732166 0.90396 1
Batch 1450
 1 0.646485 0.39629
 0.646485 1 0.839769
 0.39629 0.839769 1
Batch 1500
 1 0.326665 -0.0401857
 0.326665 1 0.679621
 -0.0401857 0.679621 1
Batch 1550
 1 0.361396 0.167765
 0.361396 1 0.893109
 0.167765 0.893109 1
Batch 1600
 1 0.872662 0.816904
 0.872662 1 0.873638
 0.816904 0.873638 1
Batch 1650
 1 0.858207 0.813631
 0.858207 1 0.862695
 0.813631 0.862695 1
Batch 1700
 1 0.432227 0.245968
 0.432227 1 0.67403
 0.245968 0.67403 1
Batch 1750
 1 0.900338 0.912843
 0.900338 1 0.855324
 0.912843 0.855324 1
Batch 1800
 1 0.853092 0.719646
 0.853092 1 0.886223
 0.719646 0.886223 1
Batch 1850
 1 0.660442 0.619108
 0.660442 1 0.695789
 0.619108 0.695789 1
Batch 1900
 1 0.895034 0.913651
 0.895034 1 0.923867
 0.913651 0.923867 1
Batch 1950
 1 0.644738 0.18307
 0.644738 1 0.703722
 0.18307 0.703722 1
Batch 2000
 1 0.664759 0.494785
 0.664759 1 0.841147
 0.494785 0.841147 1
Shift:30
Batch 0
 1 0.797119 0.589406
 0.797119 1 0.754342
 0.589406 0.754342 1
Batch 50
 1 0.700924 0.733683
 0.700924 1 0.878667
 0.733683 0.878667 1
Batch 100
 1 0.842114 0.537815
 0.842114 1 0.788377
 0.537815 0.788377 1
Batch 150
 1 0.485723 0.0450069
 0.485723 1 0.504703
 0.0450069 0.504703 1
Batch 200
 1 0.750084 0.343641
 0.750084 1 0.480266
 0.343641 0.480266 1
Batch 250
 1 0.893665 0.85329
 0.893665 1 0.865648
 0.85329 0.865648 1
Batch 300
 1 0.730405 0.763326
 0.730405 1 0.691419
 0.763326 0.691419 1
Batch 350
 1 0.529886 0.22298
 0.529886 1 0.604519
 0.22298 0.604519 1
Batch 400
 1 0.321734 0.0274092
 0.321734 1 0.818712
 0.0274092 0.818712 1
Batch 450
 1 0.730407 0.724495
 0.730407 1 0.845749
 0.724495 0.845749 1
Batch 500
 1 0.805676 0.756117
 0.805676 1 0.856921
 0.756117 0.856921 1
Batch 550
 1 0.534811 0.294253
 0.534811 1 0.783929
 0.294253 0.783929 1
Batch 600
 1 0.665019 0.317811
 0.665019 1 0.735036
 0.317811 0.735036 1
Batch 650
 1 0.620658 0.259127
 0.620658 1 0.762704
 0.259127 0.762704 1
Batch 700
 1 0.408931 0.141097
 0.408931 1 0.651942
 0.141097 0.651942 1
Batch 750
 1 0.213967 -0.141924
 0.213967 1 0.549091
 -0.141924 0.549091 1
Batch 800
 1 -0.0530492 -0.514083
 -0.0530492 1 0.516568
 -0.514083 0.516568 1
Batch 850
 1 0.653989 0.392587
 0.653989 1 0.802838
 0.392587 0.802838 1
Batch 900
 1 0.334096 0.0312661
 0.334096 1 0.574483
 0.0312661 0.574483 1
Batch 950
 1 0.786824 0.34313
 0.786824 1 0.437268
 0.34313 0.437268 1
Batch 1000
 1 0.581176 -0.165856
 0.581176 1 0.408254
 -0.165856 0.408254 1
Batch 1050
 1 0.283041 0.237848
 0.283041 1 0.500537
 0.237848 0.500537 1
Batch 1100
 1 0.756911 0.785898
 0.756911 1 0.655928
 0.785898 0.655928 1
Batch 1150
 1 0.80698 0.798064
 0.80698 1 0.846655
 0.798064 0.846655 1
Batch 1200
 1 0.357174 0.641094
 0.357174 1 0.7241
 0.641094 0.7241 1
Batch 1250
 1 0.516193 0.383576
 0.516193 1 0.480951
 0.383576 0.480951 1
Batch 1300
 1 0.40962 0.372399
 0.40962 1 0.756265
 0.372399 0.756265 1
Batch 1350
 1 0.80299 0.689851
 0.80299 1 0.795161
 0.689851 0.795161 1
Batch 1400
 1 0.822 0.806138
 0.822 1 0.912267
 0.806138 0.912267 1
Batch 1450
 1 0.68824 0.408254
 0.68824 1 0.826835
 0.408254 0.826835 1
Batch 1500
 1 0.531214 0.270171
 0.531214 1 0.759517
 0.270171 0.759517 1
Batch 1550
 1 0.363967 0.10778
 0.363967 1 0.830179
 0.10778 0.830179 1
Batch 1600
 1 0.670098 0.609385
 0.670098 1 0.892663
 0.609385 0.892663 1
Batch 1650
 1 0.895822 0.848998
 0.895822 1 0.896649
 0.848998 0.896649 1
Batch 1700
 1 0.487915 0.301613
 0.487915 1 0.543745
 0.301613 0.543745 1
Batch 1750
 1 0.852965 0.902243
 0.852965 1 0.859964
 0.902243 0.859964 1
Batch 1800
 1 0.861795 0.763274
 0.861795 1 0.888189
 0.763274 0.888189 1
Batch 1850
 1 0.704996 0.575317
 0.704996 1 0.742289
 0.575317 0.742289 1
Batch 1900
 1 0.857244 0.883822
 0.857244 1 0.921086
 0.883822 0.921086 1
Batch 1950
 1 0.660898 0.281721
 0.660898 1 0.698875
 0.281721 0.698875 1
Batch 2000
 1 0.631215 0.35587
 0.631215 1 0.794417
 0.35587 0.794417 1
Shift:40
Batch 0
 1 0.579501 0.347243
 0.579501 1 0.707888
 0.347243 0.707888 1
Batch 50
 1 0.624496 0.502694
 0.624496 1 0.702032
 0.502694 0.702032 1
Batch 100
 1 0.790888 0.628297
 0.790888 1 0.814549
 0.628297 0.814549 1
Batch 150
 1 0.573493 -0.0522521
 0.573493 1 0.428131
 -0.0522521 0.428131 1
Batch 200
 1 0.773256 0.430477
 0.773256 1 0.560516
 0.430477 0.560516 1
Batch 250
 1 0.751293 0.534019
 0.751293 1 0.670869
 0.534019 0.670869 1
Batch 300
 1 0.760681 0.810771
 0.760681 1 0.703699
 0.810771 0.703699 1
Batch 350
 1 0.511042 0.388765
 0.511042 1 0.634555
 0.388765 0.634555 1
Batch 400
 1 -0.0932421 -0.418917
 -0.0932421 1 0.705359
 -0.418917 0.705359 1
Batch 450
 1 0.752378 0.770819
 0.752378 1 0.861955
 0.770819 0.861955 1
Batch 500
 1 0.786545 0.735568
 0.786545 1 0.867916
 0.735568 0.867916 1
Batch 550
 1 0.666431 0.502968
 0.666431 1 0.812308
 0.502968 0.812308 1
Batch 600
 1 0.617255 0.34577
 0.617255 1 0.755131
 0.34577 0.755131 1
Batch 650
 1 0.586658 -0.0428334
 0.586658 1 0.553689
 -0.0428334 0.553689 1
Batch 700
 1 0.384817 0.242848
 0.384817 1 0.681193
 0.242848 0.681193 1
Batch 750
 1 0.436654 0.0594889
 0.436654 1 0.537425
 0.0594889 0.537425 1
Batch 800
 1 0.0582399 -0.418679
 0.0582399 1 0.537658
 -0.418679 0.537658 1
Batch 850
 1 0.349826 -0.173628
 0.349826 1 0.503164
 -0.173628 0.503164 1
Batch 900
 1 0.352697 0.112868
 0.352697 1 0.667014
 0.112868 0.667014 1
Batch 950
 1 0.725189 0.39133
 0.725189 1 0.469185
 0.39133 0.469185 1
Batch 1000
 1 0.641951 -0.040364
 0.641951 1 0.504716
 -0.040364 0.504716 1
Batch 1050
 1 0.474462 -0.130133
 0.474462 1 0.171928
 -0.130133 0.171928 1
Batch 1100
 1 0.508563 0.623873
 0.508563 1 0.687609
 0.623873 0.687609 1
Batch 1150
 1 0.848553 0.848574
 0.848553 1 0.891122
 0.848574 0.891122 1
Batch 1200
 1 0.862591 0.853075
 0.862591 1 0.935647
 0.853075 0.935647 1
Batch 1250
 1 0.336302 0.520163
 0.336302 1 0.490657
 0.520163 0.490657 1
Batch 1300
 1 0.511795 0.397104
 0.511795 1 0.687153
 0.397104 0.687153 1
Batch 1350
 1 0.752139 0.654997
 0.752139 1 0.89088
 0.654997 0.89088 1
Batch 1400
 1 0.801831 0.751807
 0.801831 1 0.818245
 0.751807 0.818245 1
Batch 1450
 1 0.655838 0.379843
 0.655838 1 0.829551
 0.379843 0.829551 1
Batch 1500
 1 0.5938 0.275811
 0.5938 1 0.789415
 0.275811 0.789415 1
Batch 1550
 1 0.363177 0.109194
 0.363177 1 0.834056
 0.109194 0.834056 1
Batch 1600
 1 0.593398 0.591766
 0.593398 1 0.912436
 0.591766 0.912436 1
Batch 1650
 1 0.89899 0.867466
 0.89899 1 0.905532
 0.867466 0.905532 1
Batch 1700
 1 0.631853 0.393679
 0.631853 1 0.639532
 0.393679 0.639532 1
Batch 1750
 1 0.586292 0.644049
 0.586292 1 0.737027
 0.644049 0.737027 1
Batch 1800
 1 0.879714 0.823052
 0.879714 1 0.892836
 0.823052 0.892836 1
Batch 1850
 1 0.711699 0.558112
 0.711699 1 0.760301
 0.558112 0.760301 1
Batch 1900
 1 0.784703 0.787672
 0.784703 1 0.896839
 0.787672 0.896839 1
Batch 1950
 1 0.778327 0.463721
 0.778327 1 0.718327
 0.463721 0.718327 1
Batch 2000
 1 0.394628 -0.163948
 0.394628 1 0.686815
 -0.163948 0.686815 1
Shift:50
Batch 0
 1 0.661379 0.501157
 0.661379 1 0.777596
 0.501157 0.777596 1
Batch 50
 1 0.748212 0.693169
 0.748212 1 0.652448
 0.693169 0.652448 1
Batch 100
 1 0.843839 0.720467
 0.843839 1 0.813034
 0.720467 0.813034 1
Batch 150
 1 0.640317 0.0503131
 0.640317 1 0.482221
 0.0503131 0.482221 1
Batch 200
 1 0.657726 0.371582
 0.657726 1 0.614053
 0.371582 0.614053 1
Batch 250
 1 0.684845 0.578369
 0.684845 1 0.56056
 0.578369 0.56056 1
Batch 300
 1 0.867752 0.86746
 0.867752 1 0.867673
 0.86746 0.867673 1
Batch 350
 1 0.551192 0.479035
 0.551192 1 0.492797
 0.479035 0.492797 1
Batch 400
 1 -0.220246 -0.542287
 -0.220246 1 0.68335
 -0.542287 0.68335 1
Batch 450
 1 0.697021 0.643062
 0.697021 1 0.875379
 0.643062 0.875379 1
Batch 500
 1 0.816327 0.75679
 0.816327 1 0.847421
 0.75679 0.847421 1
Batch 550
 1 0.736656 0.620566
 0.736656 1 0.796121
 0.620566 0.796121 1
Batch 600
 1 0.205345 0.0176217
 0.205345 1 0.783855
 0.0176217 0.783855 1
Batch 650
 1 0.541998 0.0303612
 0.541998 1 0.574018
 0.0303612 0.574018 1
Batch 700
 1 0.271918 0.0361362
 0.271918 1 0.606048
 0.0361362 0.606048 1
Batch 750
 1 0.501496 0.215848
 0.501496 1 0.614254
 0.215848 0.614254 1
Batch 800
 1 -0.0133265 -0.365133
 -0.0133265 1 0.689213
 -0.365133 0.689213 1
Batch 850
 1 0.381848 -0.110016
 0.381848 1 0.440709
 -0.110016 0.440709 1
Batch 900
 1 0.522937 0.273524
 0.522937 1 0.780438
 0.273524 0.780438 1
Batch 950
 1 0.692748 0.327865
 0.692748 1 0.454801
 0.327865 0.454801 1
Batch 1000
 1 0.735776 0.117594
 0.735776 1 0.511448
 0.117594 0.511448 1
Batch 1050
 1 0.294361 -0.472782
 0.294361 1 0.0799858
 -0.472782 0.0799858 1
Batch 1100
 1 0.372206 0.488762
 0.372206 1 0.631779
 0.488762 0.631779 1
Batch 1150
 1 0.916127 0.926485
 0.916127 1 0.928086
 0.926485 0.928086 1
Batch 1200
 1 0.906286 0.866422
 0.906286 1 0.940928
 0.866422 0.940928 1
Batch 1250
 1 0.327374 0.621477
 0.327374 1 0.675618
 0.621477 0.675618 1
Batch 1300
 1 0.502533 -0.111457
 0.502533 1 0.420984
 -0.111457 0.420984 1
Batch 1350
 1 0.642778 0.553686
 0.642778 1 0.87357
 0.553686 0.87357 1
Batch 1400
 1 0.793508 0.734679
 0.793508 1 0.810048
 0.734679 0.810048 1
Batch 1450
 1 0.661442 0.454453
 0.661442 1 0.853434
 0.454453 0.853434 1
Batch 1500
 1 0.594233 0.377929
 0.594233 1 0.829315
 0.377929 0.829315 1
Batch 1550
 1 0.516505 0.223994
 0.516505 1 0.830436
 0.223994 0.830436 1
Batch 1600
 1 0.426786 0.345276
 0.426786 1 0.890437
 0.345276 0.890437 1
Batch 1650
 1 0.831529 0.753441
 0.831529 1 0.845242
 0.753441 0.845242 1
Batch 1700
 1 0.896843 0.861946
 0.896843 1 0.9062
 0.861946 0.9062 1
Batch 1750
 1 0.289608 0.0564873
 0.289608 1 0.68216
 0.0564873 0.68216 1
Batch 1800
 1 0.880674 0.824491
 0.880674 1 0.892072
 0.824491 0.892072 1
Batch 1850
 1 0.814472 0.599737
 0.814472 1 0.78085
 0.599737 0.78085 1
Batch 1900
 1 0.783005 0.746134
 0.783005 1 0.873094
 0.746134 0.873094 1
Batch 1950
 1 0.78307 0.793968
 0.78307 1 0.791436
 0.793968 0.791436 1
Batch 2000
 1 0.542247 0.0064282
 0.542247 1 0.70894
 0.0064282 0.70894 1
Shift:60
Batch 0
 1 0.648185 0.534718
 0.648185 1 0.799925
 0.534718 0.799925 1
Batch 50
 1 0.727814 0.633432
 0.727814 1 0.693046
 0.633432 0.693046 1
Batch 100
 1 0.856638 0.856988
 0.856638 1 0.899924
 0.856988 0.899924 1
Batch 150
 1 0.66309 0.034898
 0.66309 1 0.491593
 0.034898 0.491593 1
Batch 200
 1 0.514341 0.393433
 0.514341 1 0.635655
 0.393433 0.635655 1
Batch 250
 1 0.778789 0.672838
 0.778789 1 0.633987
 0.672838 0.633987 1
Batch 300
 1 0.863575 0.827886
 0.863575 1 0.854355
 0.827886 0.854355 1
Batch 350
 1 0.235758 0.495419
 0.235758 1 0.269272
 0.495419 0.269272 1
Batch 400
 1 -0.029307 -0.475515
 -0.029307 1 0.525502
 -0.475515 0.525502 1
Batch 450
 1 0.738934 0.682137
 0.738934 1 0.885911
 0.682137 0.885911 1
Batch 500
 1 0.796775 0.763775
 0.796775 1 0.831818
 0.763775 0.831818 1
Batch 550
 1 0.832845 0.754473
 0.832845 1 0.8455
 0.754473 0.8455 1
Batch 600
 1 0.329035 0.16017
 0.329035 1 0.775405
 0.16017 0.775405 1
Batch 650
 1 0.606088 0.22964
 0.606088 1 0.71255
 0.22964 0.71255 1
Batch 700
 1 0.259401 -0.179009
 0.259401 1 0.458236
 -0.179009 0.458236 1
Batch 750
 1 0.392788 0.274008
 0.392788 1 0.638217
 0.274008 0.638217 1
Batch 800
 1 0.144235 -0.334626
 0.144235 1 0.637189
 -0.334626 0.637189 1
Batch 850
 1 0.279905 -0.101978
 0.279905 1 0.46701
 -0.101978 0.46701 1
Batch 900
 1 0.650832 0.349236
 0.650832 1 0.77943
 0.349236 0.77943 1
Batch 950
 1 0.523296 0.302004
 0.523296 1 0.503438
 0.302004 0.503438 1
Batch 1000
 1 0.808573 0.32386
 0.808573 1 0.599705
 0.32386 0.599705 1
Batch 1050
 1 0.400506 -0.313711
 0.400506 1 0.182798
 -0.313711 0.182798 1
Batch 1100
 1 0.348028 0.21327
 0.348028 1 0.428974
 0.21327 0.428974 1
Batch 1150
 1 0.950854 0.965157
 0.950854 1 0.936802
 0.965157 0.936802 1
Batch 1200
 1 0.889101 0.85478
 0.889101 1 0.928485
 0.85478 0.928485 1
Batch 1250
 1 0.418722 0.478679
 0.418722 1 0.755675
 0.478679 0.755675 1
Batch 1300
 1 0.621815 0.0654357
 0.621815 1 0.529699
 0.0654357 0.529699 1
Batch 1350
 1 0.624929 0.719489
 0.624929 1 0.833204
 0.719489 0.833204 1
Batch 1400
 1 0.832035 0.727612
 0.832035 1 0.78799
 0.727612 0.78799 1
Batch 1450
 1 0.685764 0.606804
 0.685764 1 0.876702
 0.606804 0.876702 1
Batch 1500
 1 0.55496 0.306599
 0.55496 1 0.8146
 0.306599 0.8146 1
Batch 1550
 1 0.302394 -0.135423
 0.302394 1 0.620346
 -0.135423 0.620346 1
Batch 1600
 1 0.375233 0.275043
 0.375233 1 0.899101
 0.275043 0.899101 1
Batch 1650
 1 0.892783 0.864996
 0.892783 1 0.873524
 0.864996 0.873524 1
Batch 1700
 1 0.885863 0.846998
 0.885863 1 0.886633
 0.846998 0.886633 1
Batch 1750
 1 0.149593 -0.252244
 0.149593 1 0.660201
 -0.252244 0.660201 1
Batch 1800
 1 0.909688 0.885279
 0.909688 1 0.879876
 0.885279 0.879876 1
Batch 1850
 1 0.773642 0.543141
 0.773642 1 0.799655
 0.543141 0.799655 1
Batch 1900
 1 0.75957 0.839093
 0.75957 1 0.830448
 0.839093 0.830448 1
Batch 1950
 1 0.838919 0.860551
 0.838919 1 0.865103
 0.860551 0.865103 1
Batch 2000
 1 0.583205 0.203615
 0.583205 1 0.739732
 0.203615 0.739732 1
Shift:70
Batch 0
 1 0.659743 0.503715
 0.659743 1 0.797238
 0.503715 0.797238 1
Batch 50
 1 0.80247 0.632078
 0.80247 1 0.773496
 0.632078 0.773496 1
Batch 100
 1 0.683434 0.654762
 0.683434 1 0.773852
 0.654762 0.773852 1
Batch 150
 1 0.806626 0.501302
 0.806626 1 0.797536
 0.501302 0.797536 1
Batch 200
 1 0.590742 0.195466
 0.590742 1 0.594128
 0.195466 0.594128 1
Batch 250
 1 0.618796 0.353016
 0.618796 1 0.399129
 0.353016 0.399129 1
Batch 300
 1 0.908028 0.861637
 0.908028 1 0.8834
 0.861637 0.8834 1
Batch 350
 1 0.386651 0.669866
 0.386651 1 0.330279
 0.669866 0.330279 1
Batch 400
 1 0.517905 0.161005
 0.517905 1 0.771551
 0.161005 0.771551 1
Batch 450
 1 0.637562 0.433808
 0.637562 1 0.883542
 0.433808 0.883542 1
Batch 500
 1 0.73953 0.669411
 0.73953 1 0.842538
 0.669411 0.842538 1
Batch 550
 1 0.810544 0.766086
 0.810544 1 0.87196
 0.766086 0.87196 1
Batch 600
 1 0.385779 0.225348
 0.385779 1 0.802363
 0.225348 0.802363 1
Batch 650
 1 0.646286 0.191463
 0.646286 1 0.646847
 0.191463 0.646847 1
Batch 700
 1 0.473084 0.0981813
 0.473084 1 0.673287
 0.0981813 0.673287 1
Batch 750
 1 0.437289 0.17986
 0.437289 1 0.705257
 0.17986 0.705257 1
Batch 800
 1 -0.00749359 -0.229107
 -0.00749359 1 0.659808
 -0.229107 0.659808 1
Batch 850
 1 0.268397 -0.299311
 0.268397 1 0.276403
 -0.299311 0.276403 1
Batch 900
 1 0.673843 0.404662
 0.673843 1 0.798156
 0.404662 0.798156 1
Batch 950
 1 0.555245 0.18117
 0.555245 1 0.618686
 0.18117 0.618686 1
Batch 1000
 1 0.83549 0.438738
 0.83549 1 0.527114
 0.438738 0.527114 1
Batch 1050
 1 0.469947 -0.35508
 0.469947 1 0.290428
 -0.35508 0.290428 1
Batch 1100
 1 0.268138 0.406693
 0.268138 1 0.488733
 0.406693 0.488733 1
Batch 1150
 1 0.946148 0.94474
 0.946148 1 0.924354
 0.94474 0.924354 1
Batch 1200
 1 0.894672 0.863596
 0.894672 1 0.926382
 0.863596 0.926382 1
Batch 1250
 1 0.480251 0.677141
 0.480251 1 0.737446
 0.677141 0.737446 1
Batch 1300
 1 0.617742 0.42762
 0.617742 1 0.69699
 0.42762 0.69699 1
Batch 1350
 1 0.429723 0.521826
 0.429723 1 0.76201
 0.521826 0.76201 1
Batch 1400
 1 0.780162 0.754691
 0.780162 1 0.814245
 0.754691 0.814245 1
Batch 1450
 1 0.776429 0.732166
 0.776429 1 0.90396
 0.732166 0.90396 1
Batch 1500
 1 0.646485 0.39629
 0.646485 1 0.839769
 0.39629 0.839769 1
Batch 1550
 1 0.326665 -0.0401857
 0.326665 1 0.679621
 -0.0401857 0.679621 1
Batch 1600
 1 0.361396 0.167765
 0.361396 1 0.893109
 0.167765 0.893109 1
Batch 1650
 1 0.872662 0.816904
 0.872662 1 0.873638
 0.816904 0.873638 1
Batch 1700
 1 0.858207 0.813631
 0.858207 1 0.862695
 0.813631 0.862695 1
Batch 1750
 1 0.432227 0.245968
 0.432227 1 0.67403
 0.245968 0.67403 1
Batch 1800
 1 0.900338 0.912843
 0.900338 1 0.855324
 0.912843 0.855324 1
Batch 1850
 1 0.853092 0.719646
 0.853092 1 0.886223
 0.719646 0.886223 1
Batch 1900
 1 0.660442 0.619108
 0.660442 1 0.695789
 0.619108 0.695789 1
Batch 1950
 1 0.895034 0.913651
 0.895034 1 0.923867
 0.913651 0.923867 1
Batch 2000
 1 0.644738 0.18307
 0.644738 1 0.703722
 0.18307 0.703722 1
Shift:80
Batch 0
 1 0.6619 0.52022
 0.6619 1 0.82493
 0.52022 0.82493 1
Batch 50
 1 0.797119 0.589406
 0.797119 1 0.754342
 0.589406 0.754342 1
Batch 100
 1 0.700924 0.733683
 0.700924 1 0.878667
 0.733683 0.878667 1
Batch 150
 1 0.842114 0.537815
 0.842114 1 0.788377
 0.537815 0.788377 1
Batch 200
 1 0.485723 0.0450069
 0.485723 1 0.504703
 0.0450069 0.504703 1
Batch 250
 1 0.750084 0.343641
 0.750084 1 0.480266
 0.343641 0.480266 1
Batch 300
 1 0.893665 0.85329
 0.893665 1 0.865648
 0.85329 0.865648 1
Batch 350
 1 0.730405 0.763326
 0.730405 1 0.691419
 0.763326 0.691419 1
Batch 400
 1 0.529886 0.22298
 0.529886 1 0.604519
 0.22298 0.604519 1
Batch 450
 1 0.321734 0.0274092
 0.321734 1 0.818712
 0.0274092 0.818712 1
Batch 500
 1 0.730407 0.724495
 0.730407 1 0.845749
 0.724495 0.845749 1
Batch 550
 1 0.805676 0.756117
 0.805676 1 0.856921
 0.756117 0.856921 1
Batch 600
 1 0.534811 0.294253
 0.534811 1 0.783929
 0.294253 0.783929 1
Batch 650
 1 0.665019 0.317811
 0.665019 1 0.735036
 0.317811 0.735036 1
Batch 700
 1 0.620658 0.259127
 0.620658 1 0.762704
 0.259127 0.762704 1
Batch 750
 1 0.408931 0.141097
 0.408931 1 0.651942
 0.141097 0.651942 1
Batch 800
 1 0.213967 -0.141924
 0.213967 1 0.549091
 -0.141924 0.549091 1
Batch 850
 1 -0.0530492 -0.514083
 -0.0530492 1 0.516568
 -0.514083 0.516568 1
Batch 900
 1 0.653989 0.392587
 0.653989 1 0.802838
 0.392587 0.802838 1
Batch 950
 1 0.334096 0.0312661
 0.334096 1 0.574483
 0.0312661 0.574483 1
Batch 1000
 1 0.786824 0.34313
 0.786824 1 0.437268
 0.34313 0.437268 1
Batch 1050
 1 0.581176 -0.165856
 0.581176 1 0.408254
 -0.165856 0.408254 1
Batch 1100
 1 0.283041 0.237848
 0.283041 1 0.500537
 0.237848 0.500537 1
Batch 1150
 1 0.756911 0.785898
 0.756911 1 0.655928
 0.785898 0.655928 1
Batch 1200
 1 0.80698 0.798064
 0.80698 1 0.846655
 0.798064 0.846655 1
Batch 1250
 1 0.357174 0.641094
 0.357174 1 0.7241
 0.641094 0.7241 1
Batch 1300
 1 0.516193 0.383576
 0.516193 1 0.480951
 0.383576 0.480951 1
Batch 1350
 1 0.40962 0.372399
 0.40962 1 0.756265
 0.372399 0.756265 1
Batch 1400
 1 0.80299 0.689851
 0.80299 1 0.795161
 0.689851 0.795161 1
Batch 1450
 1 0.822 0.806138
 0.822 1 0.912267
 0.806138 0.912267 1
Batch 1500
 1 0.68824 0.408254
 0.68824 1 0.826835
 0.408254 0.826835 1
Batch 1550
 1 0.531214 0.270171
 0.531214 1 0.759517
 0.270171 0.759517 1
Batch 1600
 1 0.363967 0.10778
 0.363967 1 0.830179
 0.10778 0.830179 1
Batch 1650
 1 0.670098 0.609385
 0.670098 1 0.892663
 0.609385 0.892663 1
Batch 1700
 1 0.895822 0.848998
 0.895822 1 0.896649
 0.848998 0.896649 1
Batch 1750
 1 0.487915 0.301613
 0.487915 1 0.543745
 0.301613 0.543745 1
Batch 1800
 1 0.852965 0.902243
 0.852965 1 0.859964
 0.902243 0.859964 1
Batch 1850
 1 0.861795 0.763274
 0.861795 1 0.888189
 0.763274 0.888189 1
Batch 1900
 1 0.704996 0.575317
 0.704996 1 0.742289
 0.575317 0.742289 1
Batch 1950
 1 0.857244 0.883822
 0.857244 1 0.921086
 0.883822 0.921086 1
Batch 2000
 1 0.660898 0.281721
 0.660898 1 0.698875
 0.281721 0.698875 1
Shift:90
Batch 0
 1 0.715581 0.480648
 0.715581 1 0.80156
 0.480648 0.80156 1
Batch 50
 1 0.579501 0.347243
 0.579501 1 0.707888
 0.347243 0.707888 1
Batch 100
 1 0.624496 0.502694
 0.624496 1 0.702032
 0.502694 0.702032 1
Batch 150
 1 0.790888 0.628297
 0.790888 1 0.814549
 0.628297 0.814549 1
Batch 200
 1 0.573493 -0.0522521
 0.573493 1 0.428131
 -0.0522521 0.428131 1
Batch 250
 1 0.773256 0.430477
 0.773256 1 0.560516
 0.430477 0.560516 1
Batch 300
 1 0.751293 0.534019
 0.751293 1 0.670869
 0.534019 0.670869 1
Batch 350
 1 0.760681 0.810771
 0.760681 1 0.703699
 0.810771 0.703699 1
Batch 400
 1 0.511042 0.388765
 0.511042 1 0.634555
 0.388765 0.634555 1
Batch 450
 1 -0.0932421 -0.418917
 -0.0932421 1 0.705359
 -0.418917 0.705359 1
Batch 500
 1 0.752378 0.770819
 0.752378 1 0.861955
 0.770819 0.861955 1
Batch 550
 1 0.786545 0.735568
 0.786545 1 0.867916
 0.735568 0.867916 1
Batch 600
 1 0.666431 0.502968
 0.666431 1 0.812308
 0.502968 0.812308 1
Batch 650
 1 0.617255 0.34577
 0.617255 1 0.755131
 0.34577 0.755131 1
Batch 700
 1 0.586658 -0.0428334
 0.586658 1 0.553689
 -0.0428334 0.553689 1
Batch 750
 1 0.384817 0.242848
 0.384817 1 0.681193
 0.242848 0.681193 1
Batch 800
 1 0.436654 0.0594889
 0.436654 1 0.537425
 0.0594889 0.537425 1
Batch 850
 1 0.0582399 -0.418679
 0.0582399 1 0.537658
 -0.418679 0.537658 1
Batch 900
 1 0.349826 -0.173628
 0.349826 1 0.503164
 -0.173628 0.503164 1
Batch 950
 1 0.352697 0.112868
 0.352697 1 0.667014
 0.112868 0.667014 1
Batch 1000
 1 0.725189 0.39133
 0.725189 1 0.469185
 0.39133 0.469185 1
Batch 1050
 1 0.641951 -0.040364
 0.641951 1 0.504716
 -0.040364 0.504716 1
Batch 1100
 1 0.474462 -0.130133
 0.474462 1 0.171928
 -0.130133 0.171928 1
Batch 1150
 1 0.508563 0.623873
 0.508563 1 0.687609
 0.623873 0.687609 1
Batch 1200
 1 0.848553 0.848574
 0.848553 1 0.891122
 0.848574 0.891122 1
Batch 1250
 1 0.862591 0.853075
 0.862591 1 0.935647
 0.853075 0.935647 1
Batch 1300
 1 0.336302 0.520163
 0.336302 1 0.490657
 0.520163 0.490657 1
Batch 1350
 1 0.511795 0.397104
 0.511795 1 0.687153
 0.397104 0.687153 1
Batch 1400
 1 0.752139 0.654997
 0.752139 1 0.89088
 0.654997 0.89088 1
Batch 1450
 1 0.801831 0.751807
 0.801831 1 0.818245
 0.751807 0.818245 1
Batch 1500
 1 0.655838 0.379843
 0.655838 1 0.829551
 0.379843 0.829551 1
Batch 1550
 1 0.5938 0.275811
 0.5938 1 0.789415
 0.275811 0.789415 1
Batch 1600
 1 0.363177 0.109194
 0.363177 1 0.834056
 0.109194 0.834056 1
Batch 1650
 1 0.593398 0.591766
 0.593398 1 0.912436
 0.591766 0.912436 1
Batch 1700
 1 0.89899 0.867466
 0.89899 1 0.905532
 0.867466 0.905532 1
Batch 1750
 1 0.631853 0.393679
 0.631853 1 0.639532
 0.393679 0.639532 1
Batch 1800
 1 0.586292 0.644049
 0.586292 1 0.737027
 0.644049 0.737027 1
Batch 1850
 1 0.879714 0.823052
 0.879714 1 0.892836
 0.823052 0.892836 1
Batch 1900
 1 0.711699 0.558112
 0.711699 1 0.760301
 0.558112 0.760301 1
Batch 1950
 1 0.784703 0.787672
 0.784703 1 0.896839
 0.787672 0.896839 1
Batch 2000
 1 0.778327 0.463721
 0.778327 1 0.718327
 0.463721 0.718327 1
Shift:100
Batch 0
 1 0.418625 -0.246684
 0.418625 1 0.538977
 -0.246684 0.538977 1
Batch 50
 1 0.661379 0.501157
 0.661379 1 0.777596
 0.501157 0.777596 1
Batch 100
 1 0.748212 0.693169
 0.748212 1 0.652448
 0.693169 0.652448 1
Batch 150
 1 0.843839 0.720467
 0.843839 1 0.813034
 0.720467 0.813034 1
Batch 200
 1 0.640317 0.0503131
 0.640317 1 0.482221
 0.0503131 0.482221 1
Batch 250
 1 0.657726 0.371582
 0.657726 1 0.614053
 0.371582 0.614053 1
Batch 300
 1 0.684845 0.578369
 0.684845 1 0.56056
 0.578369 0.56056 1
Batch 350
 1 0.867752 0.86746
 0.867752 1 0.867673
 0.86746 0.867673 1
Batch 400
 1 0.551192 0.479035
 0.551192 1 0.492797
 0.479035 0.492797 1
Batch 450
 1 -0.220246 -0.542287
 -0.220246 1 0.68335
 -0.542287 0.68335 1
Batch 500
 1 0.697021 0.643062
 0.697021 1 0.875379
 0.643062 0.875379 1
Batch 550
 1 0.816327 0.75679
 0.816327 1 0.847421
 0.75679 0.847421 1
Batch 600
 1 0.736656 0.620566
 0.736656 1 0.796121
 0.620566 0.796121 1
Batch 650
 1 0.205345 0.0176217
 0.205345 1 0.783855
 0.0176217 0.783855 1
Batch 700
 1 0.541998 0.0303612
 0.541998 1 0.574018
 0.0303612 0.574018 1
Batch 750
 1 0.271918 0.0361362
 0.271918 1 0.606048
 0.0361362 0.606048 1
Batch 800
 1 0.501496 0.215848
 0.501496 1 0.614254
 0.215848 0.614254 1
Batch 850
 1 -0.0133265 -0.365133
 -0.0133265 1 0.689213
 -0.365133 0.689213 1
Batch 900
 1 0.381848 -0.110016
 0.381848 1 0.440709
 -0.110016 0.440709 1
Batch 950
 1 0.522937 0.273524
 0.522937 1 0.780438
 0.273524 0.780438 1
Batch 1000
 1 0.692748 0.327865
 0.692748 1 0.454801
 0.327865 0.454801 1
Batch 1050
 1 0.735776 0.117594
 0.735776 1 0.511448
 0.117594 0.511448 1
Batch 1100
 1 0.294361 -0.472782
 0.294361 1 0.0799858
 -0.472782 0.0799858 1
Batch 1150
 1 0.372206 0.488762
 0.372206 1 0.631779
 0.488762 0.631779 1
Batch 1200
 1 0.916127 0.926485
 0.916127 1 0.928086
 0.926485 0.928086 1
Batch 1250
 1 0.906286 0.866422
 0.906286 1 0.940928
 0.866422 0.940928 1
Batch 1300
 1 0.327374 0.621477
 0.327374 1 0.675618
 0.621477 0.675618 1
Batch 1350
 1 0.502533 -0.111457
 0.502533 1 0.420984
 -0.111457 0.420984 1
Batch 1400
 1 0.642778 0.553686
 0.642778 1 0.87357
 0.553686 0.87357 1
Batch 1450
 1 0.793508 0.734679
 0.793508 1 0.810048
 0.734679 0.810048 1
Batch 1500
 1 0.661442 0.454453
 0.661442 1 0.853434
 0.454453 0.853434 1
Batch 1550
 1 0.594233 0.377929
 0.594233 1 0.829315
 0.377929 0.829315 1
Batch 1600
 1 0.516505 0.223994
 0.516505 1 0.830436
 0.223994 0.830436 1
Batch 1650
 1 0.426786 0.345276
 0.426786 1 0.890437
 0.345276 0.890437 1
Batch 1700
 1 0.831529 0.753441
 0.831529 1 0.845242
 0.753441 0.845242 1
Batch 1750
 1 0.896843 0.861946
 0.896843 1 0.9062
 0.861946 0.9062 1
Batch 1800
 1 0.289608 0.0564873
 0.289608 1 0.68216
 0.0564873 0.68216 1
Batch 1850
 1 0.880674 0.824491
 0.880674 1 0.892072
 0.824491 0.892072 1
Batch 1900
 1 0.814472 0.599737
 0.814472 1 0.78085
 0.599737 0.78085 1
Batch 1950
 1 0.783005 0.746134
 0.783005 1 0.873094
 0.746134 0.873094 1
Batch 2000
 1 0.78307 0.793968
 0.78307 1 0.791436
 0.793968 0.791436 1
Shift:110
Batch 0
 1 0.390675 -0.144979
 0.390675 1 0.693778
 -0.144979 0.693778 1
Batch 50
 1 0.648185 0.534718
 0.648185 1 0.799925
 0.534718 0.799925 1
Batch 100
 1 0.727814 0.633432
 0.727814 1 0.693046
 0.633432 0.693046 1
Batch 150
 1 0.856638 0.856988
 0.856638 1 0.899924
 0.856988 0.899924 1
Batch 200
 1 0.66309 0.034898
 0.66309 1 0.491593
 0.034898 0.491593 1
Batch 250
 1 0.514341 0.393433
 0.514341 1 0.635655
 0.393433 0.635655 1
Batch 300
 1 0.778789 0.672838
 0.778789 1 0.633987
 0.672838 0.633987 1
Batch 350
 1 0.863575 0.827886
 0.863575 1 0.854355
 0.827886 0.854355 1
Batch 400
 1 0.235758 0.495419
 0.235758 1 0.269272
 0.495419 0.269272 1
Batch 450
 1 -0.029307 -0.475515
 -0.029307 1 0.525502
 -0.475515 0.525502 1
Batch 500
 1 0.738934 0.682137
 0.738934 1 0.885911
 0.682137 0.885911 1
Batch 550
 1 0.796775 0.763775
 0.796775 1 0.831818
 0.763775 0.831818 1
Batch 600
 1 0.832845 0.754473
 0.832845 1 0.8455
 0.754473 0.8455 1
Batch 650
 1 0.329035 0.16017
 0.329035 1 0.775405
 0.16017 0.775405 1
Batch 700
 1 0.606088 0.22964
 0.606088 1 0.71255
 0.22964 0.71255 1
Batch 750
 1 0.259401 -0.179009
 0.259401 1 0.458236
 -0.179009 0.458236 1
Batch 800
 1 0.392788 0.274008
 0.392788 1 0.638217
 0.274008 0.638217 1
Batch 850
 1 0.144235 -0.334626
 0.144235 1 0.637189
 -0.334626 0.637189 1
Batch 900
 1 0.279905 -0.101978
 0.279905 1 0.46701
 -0.101978 0.46701 1
Batch 950
 1 0.650832 0.349236
 0.650832 1 0.77943
 0.349236 0.77943 1
Batch 1000
 1 0.523296 0.302004
 0.523296 1 0.503438
 0.302004 0.503438 1
Batch 1050
 1 0.808573 0.32386
 0.808573 1 0.599705
 0.32386 0.599705 1
Batch 1100
 1 0.400506 -0.313711
 0.400506 1 0.182798
 -0.313711 0.182798 1
Batch 1150
 1 0.348028 0.21327
 0.348028 1 0.428974
 0.21327 0.428974 1
Batch 1200
 1 0.950854 0.965157
 0.950854 1 0.936802
 0.965157 0.936802 1
Batch 1250
 1 0.889101 0.85478
 0.889101 1 0.928485
 0.85478 0.928485 1
Batch 1300
 1 0.418722 0.478679
 0.418722 1 0.755675
 0.478679 0.755675 1
Batch 1350
 1 0.621815 0.0654357
 0.621815 1 0.529699
 0.0654357 0.529699 1
Batch 1400
 1 0.624929 0.719489
 0.624929 1 0.833204
 0.719489 0.833204 1
Batch 1450
 1 0.832035 0.727612
 0.832035 1 0.78799
 0.727612 0.78799 1
Batch 1500
 1 0.685764 0.606804
 0.685764 1 0.876702
 0.606804 0.876702 1
Batch 1550
 1 0.55496 0.306599
 0.55496 1 0.8146
 0.306599 0.8146 1
Batch 1600
 1 0.302394 -0.135423
 0.302394 1 0.620346
 -0.135423 0.620346 1
Batch 1650
 1 0.375233 0.275043
 0.375233 1 0.899101
 0.275043 0.899101 1
Batch 1700
 1 0.892783 0.864996
 0.892783 1 0.873524
 0.864996 0.873524 1
Batch 1750
 1 0.885863 0.846998
 0.885863 1 0.886633
 0.846998 0.886633 1
Batch 1800
 1 0.149593 -0.252244
 0.149593 1 0.660201
 -0.252244 0.660201 1
Batch 1850
 1 0.909688 0.885279
 0.909688 1 0.879876
 0.885279 0.879876 1
Batch 1900
 1 0.773642 0.543141
 0.773642 1 0.799655
 0.543141 0.799655 1
Batch 1950
 1 0.75957 0.839093
 0.75957 1 0.830448
 0.839093 0.830448 1
Batch 2000
 1 0.838919 0.860551
 0.838919 1 0.865103
 0.860551 0.865103 1
Shift:120
Batch 0
 1 0.619093 0.285244
 0.619093 1 0.769075
 0.285244 0.769075 1
Batch 50
 1 0.659743 0.503715
 0.659743 1 0.797238
 0.503715 0.797238 1
Batch 100
 1 0.80247 0.632078
 0.80247 1 0.773496
 0.632078 0.773496 1
Batch 150
 1 0.683434 0.654762
 0.683434 1 0.773852
 0.654762 0.773852 1
Batch 200
 1 0.806626 0.501302
 0.806626 1 0.797536
 0.501302 0.797536 1
Batch 250
 1 0.590742 0.195466
 0.590742 1 0.594128
 0.195466 0.594128 1
Batch 300
 1 0.618796 0.353016
 0.618796 1 0.399129
 0.353016 0.399129 1
Batch 350
 1 0.908028 0.861637
 0.908028 1 0.8834
 0.861637 0.8834 1
Batch 400
 1 0.386651 0.669866
 0.386651 1 0.330279
 0.669866 0.330279 1
Batch 450
 1 0.517905 0.161005
 0.517905 1 0.771551
 0.161005 0.771551 1
Batch 500
 1 0.637562 0.433808
 0.637562 1 0.883542
 0.433808 0.883542 1
Batch 550
 1 0.73953 0.669411
 0.73953 1 0.842538
 0.669411 0.842538 1
Batch 600
 1 0.810544 0.766086
 0.810544 1 0.87196
 0.766086 0.87196 1
Batch 650
 1 0.385779 0.225348
 0.385779 1 0.802363
 0.225348 0.802363 1
Batch 700
 1 0.646286 0.191463
 0.646286 1 0.646847
 0.191463 0.646847 1
Batch 750
 1 0.473084 0.0981813
 0.473084 1 0.673287
 0.0981813 0.673287 1
Batch 800
 1 0.437289 0.17986
 0.437289 1 0.705257
 0.17986 0.705257 1
Batch 850
 1 -0.00749359 -0.229107
 -0.00749359 1 0.659808
 -0.229107 0.659808 1
Batch 900
 1 0.268397 -0.299311
 0.268397 1 0.276403
 -0.299311 0.276403 1
Batch 950
 1 0.673843 0.404662
 0.673843 1 0.798156
 0.404662 0.798156 1
Batch 1000
 1 0.555245 0.18117
 0.555245 1 0.618686
 0.18117 0.618686 1
Batch 1050
 1 0.83549 0.438738
 0.83549 1 0.527114
 0.438738 0.527114 1
Batch 1100
 1 0.469947 -0.35508
 0.469947 1 0.290428
 -0.35508 0.290428 1
Batch 1150
 1 0.268138 0.406693
 0.268138 1 0.488733
 0.406693 0.488733 1
Batch 1200
 1 0.946148 0.94474
 0.946148 1 0.924354
 0.94474 0.924354 1
Batch 1250
 1 0.894672 0.863596
 0.894672 1 0.926382
 0.863596 0.926382 1
Batch 1300
 1 0.480251 0.677141
 0.480251 1 0.737446
 0.677141 0.737446 1
Batch 1350
 1 0.617742 0.42762
 0.617742 1 0.69699
 0.42762 0.69699 1
Batch 1400
 1 0.429723 0.521826
 0.429723 1 0.76201
 0.521826 0.76201 1
Batch 1450
 1 0.780162 0.754691
 0.780162 1 0.814245
 0.754691 0.814245 1
Batch 1500
 1 0.776429 0.732166
 0.776429 1 0.90396
 0.732166 0.90396 1
Batch 1550
 1 0.646485 0.39629
 0.646485 1 0.839769
 0.39629 0.839769 1
Batch 1600
 1 0.326665 -0.0401857
 0.326665 1 0.679621
 -0.0401857 0.679621 1
Batch 1650
 1 0.361396 0.167765
 0.361396 1 0.893109
 0.167765 0.893109 1
Batch 1700
 1 0.872662 0.816904
 0.872662 1 0.873638
 0.816904 0.873638 1
Batch 1750
 1 0.858207 0.813631
 0.858207 1 0.862695
 0.813631 0.862695 1
Batch 1800
 1 0.432227 0.245968
 0.432227 1 0.67403
 0.245968 0.67403 1
Batch 1850
 1 0.900338 0.912843
 0.900338 1 0.855324
 0.912843 0.855324 1
Batch 1900
 1 0.853092 0.719646
 0.853092 1 0.886223
 0.719646 0.886223 1
Batch 1950
 1 0.660442 0.619108
 0.660442 1 0.695789
 0.619108 0.695789 1
Batch 2000
 1 0.895034 0.913651
 0.895034 1 0.923867
 0.913651 0.923867 1
Shift:130
Batch 0
 1 0.5525 0.118354
 0.5525 1 0.706956
 0.118354 0.706956 1
Batch 50
 1 0.6619 0.52022
 0.6619 1 0.82493
 0.52022 0.82493 1
Batch 100
 1 0.797119 0.589406
 0.797119 1 0.754342
 0.589406 0.754342 1
Batch 150
 1 0.700924 0.733683
 0.700924 1 0.878667
 0.733683 0.878667 1
Batch 200
 1 0.842114 0.537815
 0.842114 1 0.788377
 0.537815 0.788377 1
Batch 250
 1 0.485723 0.0450069
 0.485723 1 0.504703
 0.0450069 0.504703 1
Batch 300
 1 0.750084 0.343641
 0.750084 1 0.480266
 0.343641 0.480266 1
Batch 350
 1 0.893665 0.85329
 0.893665 1 0.865648
 0.85329 0.865648 1
Batch 400
 1 0.730405 0.763326
 0.730405 1 0.691419
 0.763326 0.691419 1
Batch 450
 1 0.529886 0.22298
 0.529886 1 0.604519
 0.22298 0.604519 1
Batch 500
 1 0.321734 0.0274092
 0.321734 1 0.818712
 0.0274092 0.818712 1
