Shift:0
Batch 0
 1 0.687769 0.541597
 0.687769 1 0.712525
 0.541597 0.712525 1
Batch 500
 1 0.537135 0.343048
 0.537135 1 0.743235
 0.343048 0.743235 1
Batch 1000
 1 0.767834 0.685533
 0.767834 1 0.785508
 0.685533 0.785508 1
Batch 1500
 1 0.730661 0.633485
 0.730661 1 0.858478
 0.633485 0.858478 1
Shift:100
Batch 0
 1 0.754744 0.635634
 0.754744 1 0.758658
 0.635634 0.758658 1
Batch 500
 1 0.550875 0.382571
 0.550875 1 0.72646
 0.382571 0.72646 1
Batch 1000
 1 0.753817 0.646746
 0.753817 1 0.774618
 0.646746 0.774618 1
Batch 1500
 1 0.733638 0.626603
 0.733638 1 0.859884
 0.626603 0.859884 1
Shift:200
Batch 0
 1 0.746202 0.617681
 0.746202 1 0.771645
 0.617681 0.771645 1
Batch 500
 1 0.638521 0.489319
 0.638521 1 0.750102
 0.489319 0.750102 1
Batch 1000
 1 0.739619 0.59395
 0.739619 1 0.794384
 0.59395 0.794384 1
Batch 1500
 1 0.660997 0.572194
 0.660997 1 0.804982
 0.572194 0.804982 1
Shift:300
Batch 0
 1 0.767266 0.694496
 0.767266 1 0.803314
 0.694496 0.803314 1
Batch 500
 1 0.635538 0.510641
 0.635538 1 0.735064
 0.510641 0.735064 1
Batch 1000
 1 0.512156 0.147702
 0.512156 1 0.607284
 0.147702 0.607284 1
Batch 1500
 1 0.758036 0.70329
 0.758036 1 0.85523
 0.70329 0.85523 1
Shift:400
Batch 0
 1 0.779654 0.681416
 0.779654 1 0.831917
 0.681416 0.831917 1
Batch 500
 1 0.684927 0.60774
 0.684927 1 0.729816
 0.60774 0.729816 1
Batch 1000
 1 0.554321 0.217205
 0.554321 1 0.678458
 0.217205 0.678458 1
Batch 1500
 1 0.775412 0.720512
 0.775412 1 0.829399
 0.720512 0.829399 1
Shift:500
Batch 0
 1 0.740725 0.645636
 0.740725 1 0.851952
 0.645636 0.851952 1
Batch 500
 1 0.687769 0.541597
 0.687769 1 0.712525
 0.541597 0.712525 1
Batch 1000
 1 0.537135 0.343048
 0.537135 1 0.743235
 0.343048 0.743235 1
Batch 1500
 1 0.767834 0.685533
 0.767834 1 0.785508
 0.685533 0.785508 1
Shift:600
Batch 0
 1 0.73069 0.619181
 0.73069 1 0.856578
 0.619181 0.856578 1
Batch 500
 1 0.754744 0.635634
 0.754744 1 0.758658
 0.635634 0.758658 1
Batch 1000
 1 0.550875 0.382571
 0.550875 1 0.72646
 0.382571 0.72646 1
Batch 1500
 1 0.753817 0.646746
 0.753817 1 0.774618
 0.646746 0.774618 1
Shift:700
Batch 0
 1 0.710355 0.602686
 0.710355 1 0.848269
 0.602686 0.848269 1
Batch 500
 1 0.746202 0.617681
 0.746202 1 0.771645
 0.617681 0.771645 1
Batch 1000
 1 0.638521 0.489319
 0.638521 1 0.750102
 0.489319 0.750102 1
Batch 1500
 1 0.739619 0.59395
 0.739619 1 0.794384
 0.59395 0.794384 1
Shift:800
Batch 0
 1 0.683541 0.604989
 0.683541 1 0.817907
 0.604989 0.817907 1
Batch 500
 1 0.767266 0.694496
 0.767266 1 0.803314
 0.694496 0.803314 1
Batch 1000
 1 0.635538 0.510641
 0.635538 1 0.735064
 0.510641 0.735064 1
Batch 1500
 1 0.512156 0.147702
 0.512156 1 0.607284
 0.147702 0.607284 1
Shift:900
Batch 0
 1 0.762138 0.703324
 0.762138 1 0.849183
 0.703324 0.849183 1
Batch 500
 1 0.779654 0.681416
 0.779654 1 0.831917
 0.681416 0.831917 1
Batch 1000
 1 0.684927 0.60774
 0.684927 1 0.729816
 0.60774 0.729816 1
Batch 1500
 1 0.554321 0.217205
 0.554321 1 0.678458
 0.217205 0.678458 1
Shift:1000
Batch 0
 1 0.763649 0.688347
 0.763649 1 0.813692
 0.688347 0.813692 1
Batch 500
 1 0.740725 0.645636
 0.740725 1 0.851952
 0.645636 0.851952 1
Batch 1000
 1 0.687769 0.541597
 0.687769 1 0.712525
 0.541597 0.712525 1
Batch 1500
 1 0.537135 0.343048
 0.537135 1 0.743235
 0.343048 0.743235 1
Shift:1100
Batch 0
 1 0.760744 0.670717
 0.760744 1 0.776157
 0.670717 0.776157 1
Batch 500
 1 0.73069 0.619181
 0.73069 1 0.856578
 0.619181 0.856578 1
Batch 1000
 1 0.754744 0.635634
 0.754744 1 0.758658
 0.635634 0.758658 1
Batch 1500
 1 0.550875 0.382571
 0.550875 1 0.72646
 0.382571 0.72646 1
Shift:1200
Batch 0
 1 0.752122 0.63073
 0.752122 1 0.770757
 0.63073 0.770757 1
Batch 500
 1 0.710355 0.602686
 0.710355 1 0.848269
 0.602686 0.848269 1
Batch 1000
 1 0.746202 0.617681
 0.746202 1 0.771645
 0.617681 0.771645 1
Batch 1500
 1 0.638521 0.489319
 0.638521 1 0.750102
 0.489319 0.750102 1
Shift:1300
Batch 0
 1 0.7047 0.541885
 0.7047 1 0.775509
 0.541885 0.775509 1
Batch 500
 1 0.683541 0.604989
 0.683541 1 0.817907
 0.604989 0.817907 1
Batch 1000
 1 0.767266 0.694496
 0.767266 1 0.803314
 0.694496 0.803314 1
Batch 1500
 1 0.635538 0.510641
 0.635538 1 0.735064
 0.510641 0.735064 1
Shift:1400
Batch 0
 1 0.507634 0.147609
 0.507634 1 0.620416
 0.147609 0.620416 1
Batch 500
 1 0.762138 0.703324
 0.762138 1 0.849183
 0.703324 0.849183 1
Batch 1000
 1 0.779654 0.681416
 0.779654 1 0.831917
 0.681416 0.831917 1
Batch 1500
 1 0.684927 0.60774
 0.684927 1 0.729816
 0.60774 0.729816 1
Shift:1500
Batch 0
 1 0.571094 0.297957
 0.571094 1 0.71419
 0.297957 0.71419 1
Batch 500
 1 0.763649 0.688347
 0.763649 1 0.813692
 0.688347 0.813692 1
Batch 1000
 1 0.740725 0.645636
 0.740725 1 0.851952
 0.645636 0.851952 1
Batch 1500
 1 0.687769 0.541597
 0.687769 1 0.712525
 0.541597 0.712525 1
Shift:1600
Batch 0
 1 0.561938 0.361735
 0.561938 1 0.764361
 0.361735 0.764361 1
Batch 500
 1 0.760744 0.670717
 0.760744 1 0.776157
 0.670717 0.776157 1
Batch 1000
 1 0.73069 0.619181
 0.73069 1 0.856578
 0.619181 0.856578 1
Batch 1500
 1 0.754744 0.635634
 0.754744 1 0.758658
 0.635634 0.758658 1
Shift:1700
Batch 0
 1 0.585896 0.437067
 0.585896 1 0.739943
 0.437067 0.739943 1
Batch 500
 1 0.752122 0.63073
 0.752122 1 0.770757
 0.63073 0.770757 1
Batch 1000
 1 0.710355 0.602686
 0.710355 1 0.848269
 0.602686 0.848269 1
Batch 1500
 1 0.746202 0.617681
 0.746202 1 0.771645
 0.617681 0.771645 1
Shift:1800
Batch 0
 1 0.644546 0.500519
 0.644546 1 0.745663
 0.500519 0.745663 1
Batch 500
 1 0.7047 0.541885
 0.7047 1 0.775509
 0.541885 0.775509 1
Batch 1000
 1 0.683541 0.604989
 0.683541 1 0.817907
 0.604989 0.817907 1
Batch 1500
 1 0.767266 0.694496
 0.767266 1 0.803314
 0.694496 0.803314 1
Shift:1900
Batch 0
 1 0.674283 0.555486
 0.674283 1 0.755776
 0.555486 0.755776 1
Batch 500
 1 0.507634 0.147609
 0.507634 1 0.620416
 0.147609 0.620416 1
Batch 1000
 1 0.762138 0.703324
 0.762138 1 0.849183
 0.703324 0.849183 1
Batch 1500
 1 0.779654 0.681416
 0.779654 1 0.831917
 0.681416 0.831917 1
Shift:2000
Batch 0
 1 0.680409 0.567739
 0.680409 1 0.71614
 0.567739 0.71614 1
Batch 500
 1 0.571094 0.297957
 0.571094 1 0.71419
 0.297957 0.71419 1
Batch 1000
 1 0.763649 0.688347
 0.763649 1 0.813692
 0.688347 0.813692 1
Batch 1500
 1 0.740725 0.645636
 0.740725 1 0.851952
 0.645636 0.851952 1
